2305
4609
4099
7
9
4106
1547
524
780
1555
2841
1564
2589
4639
2338
38
4136
4649
1835
2091
2348
3886
307
3892
3381
1590
2107
829
3647
1599
2369
4929
3396
2884
2126
1872
3410
1362
1365
343
599
2136
1880
4441
3677
1118
3685
870
4711
360
363
4460
3181
2157
2672
1393
372
4214
118
2937
4219
4991
3459
4227
4488
650
3212
1677
1937
3985
146
4242
1942
4759
3735
3739
1180
3233
4517
2982
679
3753
2474
3242
4010
1195
2994
4790
3513
3775
3268
1988
4808
3283
3028
1496
3291
4571
476
2780
989
2782
2274
2018
4581
1771
1516
3308
2540
4332
1005
3822
1518
2289
241
2034
1267
3578
2555
4093
